(kicad_pcb (version 20171130) (host pcbnew 5.0.2-bee76a0~70~ubuntu18.04.1)

  (general
    (thickness 1.6)
    (drawings 0)
    (tracks 0)
    (zones 0)
    (modules 15)
    (nets 8)
  )

  (page A4)
  (layers
    (0 F.Cu signal)
    (31 B.Cu signal)
    (32 B.Adhes user)
    (33 F.Adhes user)
    (34 B.Paste user)
    (35 F.Paste user)
    (36 B.SilkS user)
    (37 F.SilkS user)
    (38 B.Mask user)
    (39 F.Mask user)
    (40 Dwgs.User user)
    (41 Cmts.User user)
    (42 Eco1.User user)
    (43 Eco2.User user)
    (44 Edge.Cuts user)
    (45 Margin user)
    (46 B.CrtYd user)
    (47 F.CrtYd user)
    (48 B.Fab user)
    (49 F.Fab user)
  )

  (setup
    (last_trace_width 0.25)
    (trace_clearance 0.2)
    (zone_clearance 0.508)
    (zone_45_only no)
    (trace_min 0.2)
    (segment_width 0.2)
    (edge_width 0.1)
    (via_size 0.8)
    (via_drill 0.4)
    (via_min_size 0.4)
    (via_min_drill 0.3)
    (uvia_size 0.3)
    (uvia_drill 0.1)
    (uvias_allowed no)
    (uvia_min_size 0.2)
    (uvia_min_drill 0.1)
    (pcb_text_width 0.3)
    (pcb_text_size 1.5 1.5)
    (mod_edge_width 0.15)
    (mod_text_size 1 1)
    (mod_text_width 0.15)
    (pad_size 1.5 1.5)
    (pad_drill 0.6)
    (pad_to_mask_clearance 0)
    (aux_axis_origin 0 0)
    (visible_elements FFFFEF7F)
    (pcbplotparams
      (layerselection 0x010fc_ffffffff)
      (usegerberextensions false)
      (usegerberattributes false)
      (usegerberadvancedattributes false)
      (creategerberjobfile false)
      (excludeedgelayer true)
      (linewidth 0.100000)
      (plotframeref false)
      (viasonmask false)
      (mode 1)
      (useauxorigin false)
      (hpglpennumber 1)
      (hpglpenspeed 20)
      (hpglpendiameter 15.000000)
      (psnegative false)
      (psa4output false)
      (plotreference true)
      (plotvalue true)
      (plotinvisibletext false)
      (padsonsilk false)
      (subtractmaskfromsilk false)
      (outputformat 1)
      (mirror false)
      (drillshape 1)
      (scaleselection 1)
      (outputdirectory ""))
  )

  (net 0 "")
  (net 1 /HEATBED_TEMP)
  (net 2 GND)
  (net 3 /AUX_TEMP)
  (net 4 /HOTEND_TEMP1)
  (net 5 /HOTEND_TEMP2)
  (net 6 +3V3_STM32)
  (net 7 /PCB_TEMP)

  (net_class Default "This is the default net class."
    (clearance 0.2)
    (trace_width 0.25)
    (via_dia 0.8)
    (via_drill 0.4)
    (uvia_dia 0.3)
    (uvia_drill 0.1)
    (add_net +3V3_STM32)
    (add_net /AUX_TEMP)
    (add_net /HEATBED_TEMP)
    (add_net /HOTEND_TEMP1)
    (add_net /HOTEND_TEMP2)
    (add_net /PCB_TEMP)
    (add_net GND)
  )

  (module Capacitor_SMD:C_0603_1608Metric_Pad1.05x0.95mm_HandSolder (layer B.Cu) (tedit 5B301BBE) (tstamp 5CC89F4C)
    (at 8.5 30 90)
    (descr "Capacitor SMD 0603 (1608 Metric), square (rectangular) end terminal, IPC_7351 nominal with elongated pad for handsoldering. (Body size source: http://www.tortai-tech.com/upload/download/2011102023233369053.pdf), generated with kicad-footprint-generator")
    (tags "capacitor handsolder")
    (path /5CC8A74B)
    (attr smd)
    (fp_text reference C5 (at 0 1.43 90) (layer B.SilkS)
      (effects (font (size 1 1) (thickness 0.15)) (justify mirror))
    )
    (fp_text value C105,0603 (at 0 -1.43 90) (layer B.Fab)
      (effects (font (size 1 1) (thickness 0.15)) (justify mirror))
    )
    (fp_line (start -0.8 -0.4) (end -0.8 0.4) (layer B.Fab) (width 0.1))
    (fp_line (start -0.8 0.4) (end 0.8 0.4) (layer B.Fab) (width 0.1))
    (fp_line (start 0.8 0.4) (end 0.8 -0.4) (layer B.Fab) (width 0.1))
    (fp_line (start 0.8 -0.4) (end -0.8 -0.4) (layer B.Fab) (width 0.1))
    (fp_line (start -0.171267 0.51) (end 0.171267 0.51) (layer B.SilkS) (width 0.12))
    (fp_line (start -0.171267 -0.51) (end 0.171267 -0.51) (layer B.SilkS) (width 0.12))
    (fp_line (start -1.65 -0.73) (end -1.65 0.73) (layer B.CrtYd) (width 0.05))
    (fp_line (start -1.65 0.73) (end 1.65 0.73) (layer B.CrtYd) (width 0.05))
    (fp_line (start 1.65 0.73) (end 1.65 -0.73) (layer B.CrtYd) (width 0.05))
    (fp_line (start 1.65 -0.73) (end -1.65 -0.73) (layer B.CrtYd) (width 0.05))
    (fp_text user %R (at 0 0 90) (layer B.Fab)
      (effects (font (size 0.4 0.4) (thickness 0.06)) (justify mirror))
    )
    (pad 1 smd roundrect (at -0.875 0 90) (size 1.05 0.95) (layers B.Cu B.Paste B.Mask) (roundrect_rratio 0.25)
      (net 5 /HOTEND_TEMP2))
    (pad 2 smd roundrect (at 0.875 0 90) (size 1.05 0.95) (layers B.Cu B.Paste B.Mask) (roundrect_rratio 0.25)
      (net 2 GND))
    (model ${KISYS3DMOD}/Capacitor_SMD.3dshapes/C_0603_1608Metric.wrl
      (at (xyz 0 0 0))
      (scale (xyz 1 1 1))
      (rotate (xyz 0 0 0))
    )
  )

  (module Capacitor_SMD:C_0603_1608Metric_Pad1.05x0.95mm_HandSolder (layer F.Cu) (tedit 5B301BBE) (tstamp 5CC89A6F)
    (at 11.5 13.5 90)
    (descr "Capacitor SMD 0603 (1608 Metric), square (rectangular) end terminal, IPC_7351 nominal with elongated pad for handsoldering. (Body size source: http://www.tortai-tech.com/upload/download/2011102023233369053.pdf), generated with kicad-footprint-generator")
    (tags "capacitor handsolder")
    (path /5CC8A6C5)
    (attr smd)
    (fp_text reference C4 (at 0 -1.43 90) (layer F.SilkS)
      (effects (font (size 1 1) (thickness 0.15)))
    )
    (fp_text value C105,0603 (at 0 1.43 90) (layer F.Fab)
      (effects (font (size 1 1) (thickness 0.15)))
    )
    (fp_text user %R (at 0 0 90) (layer F.Fab)
      (effects (font (size 0.4 0.4) (thickness 0.06)))
    )
    (fp_line (start 1.65 0.73) (end -1.65 0.73) (layer F.CrtYd) (width 0.05))
    (fp_line (start 1.65 -0.73) (end 1.65 0.73) (layer F.CrtYd) (width 0.05))
    (fp_line (start -1.65 -0.73) (end 1.65 -0.73) (layer F.CrtYd) (width 0.05))
    (fp_line (start -1.65 0.73) (end -1.65 -0.73) (layer F.CrtYd) (width 0.05))
    (fp_line (start -0.171267 0.51) (end 0.171267 0.51) (layer F.SilkS) (width 0.12))
    (fp_line (start -0.171267 -0.51) (end 0.171267 -0.51) (layer F.SilkS) (width 0.12))
    (fp_line (start 0.8 0.4) (end -0.8 0.4) (layer F.Fab) (width 0.1))
    (fp_line (start 0.8 -0.4) (end 0.8 0.4) (layer F.Fab) (width 0.1))
    (fp_line (start -0.8 -0.4) (end 0.8 -0.4) (layer F.Fab) (width 0.1))
    (fp_line (start -0.8 0.4) (end -0.8 -0.4) (layer F.Fab) (width 0.1))
    (pad 2 smd roundrect (at 0.875 0 90) (size 1.05 0.95) (layers F.Cu F.Paste F.Mask) (roundrect_rratio 0.25)
      (net 2 GND))
    (pad 1 smd roundrect (at -0.875 0 90) (size 1.05 0.95) (layers F.Cu F.Paste F.Mask) (roundrect_rratio 0.25)
      (net 7 /PCB_TEMP))
    (model ${KISYS3DMOD}/Capacitor_SMD.3dshapes/C_0603_1608Metric.wrl
      (at (xyz 0 0 0))
      (scale (xyz 1 1 1))
      (rotate (xyz 0 0 0))
    )
  )

  (module Capacitor_SMD:C_0603_1608Metric_Pad1.05x0.95mm_HandSolder (layer B.Cu) (tedit 5B301BBE) (tstamp 5CC89A5E)
    (at 11.5 13.5 90)
    (descr "Capacitor SMD 0603 (1608 Metric), square (rectangular) end terminal, IPC_7351 nominal with elongated pad for handsoldering. (Body size source: http://www.tortai-tech.com/upload/download/2011102023233369053.pdf), generated with kicad-footprint-generator")
    (tags "capacitor handsolder")
    (path /5CC8A496)
    (attr smd)
    (fp_text reference C3 (at 0 1.43 90) (layer B.SilkS)
      (effects (font (size 1 1) (thickness 0.15)) (justify mirror))
    )
    (fp_text value C105,0603 (at 0 -1.43 90) (layer B.Fab)
      (effects (font (size 1 1) (thickness 0.15)) (justify mirror))
    )
    (fp_line (start -0.8 -0.4) (end -0.8 0.4) (layer B.Fab) (width 0.1))
    (fp_line (start -0.8 0.4) (end 0.8 0.4) (layer B.Fab) (width 0.1))
    (fp_line (start 0.8 0.4) (end 0.8 -0.4) (layer B.Fab) (width 0.1))
    (fp_line (start 0.8 -0.4) (end -0.8 -0.4) (layer B.Fab) (width 0.1))
    (fp_line (start -0.171267 0.51) (end 0.171267 0.51) (layer B.SilkS) (width 0.12))
    (fp_line (start -0.171267 -0.51) (end 0.171267 -0.51) (layer B.SilkS) (width 0.12))
    (fp_line (start -1.65 -0.73) (end -1.65 0.73) (layer B.CrtYd) (width 0.05))
    (fp_line (start -1.65 0.73) (end 1.65 0.73) (layer B.CrtYd) (width 0.05))
    (fp_line (start 1.65 0.73) (end 1.65 -0.73) (layer B.CrtYd) (width 0.05))
    (fp_line (start 1.65 -0.73) (end -1.65 -0.73) (layer B.CrtYd) (width 0.05))
    (fp_text user %R (at 0 0 90) (layer B.Fab)
      (effects (font (size 0.4 0.4) (thickness 0.06)) (justify mirror))
    )
    (pad 1 smd roundrect (at -0.875 0 90) (size 1.05 0.95) (layers B.Cu B.Paste B.Mask) (roundrect_rratio 0.25)
      (net 4 /HOTEND_TEMP1))
    (pad 2 smd roundrect (at 0.875 0 90) (size 1.05 0.95) (layers B.Cu B.Paste B.Mask) (roundrect_rratio 0.25)
      (net 2 GND))
    (model ${KISYS3DMOD}/Capacitor_SMD.3dshapes/C_0603_1608Metric.wrl
      (at (xyz 0 0 0))
      (scale (xyz 1 1 1))
      (rotate (xyz 0 0 0))
    )
  )

  (module Capacitor_SMD:C_0603_1608Metric_Pad1.05x0.95mm_HandSolder (layer B.Cu) (tedit 5B301BBE) (tstamp 5CC89A4D)
    (at 8.5 19 90)
    (descr "Capacitor SMD 0603 (1608 Metric), square (rectangular) end terminal, IPC_7351 nominal with elongated pad for handsoldering. (Body size source: http://www.tortai-tech.com/upload/download/2011102023233369053.pdf), generated with kicad-footprint-generator")
    (tags "capacitor handsolder")
    (path /5CC8A39C)
    (attr smd)
    (fp_text reference C2 (at 0 1.43 90) (layer B.SilkS)
      (effects (font (size 1 1) (thickness 0.15)) (justify mirror))
    )
    (fp_text value C105,0603 (at 0 -1.43 90) (layer B.Fab)
      (effects (font (size 1 1) (thickness 0.15)) (justify mirror))
    )
    (fp_text user %R (at 0 0 90) (layer B.Fab)
      (effects (font (size 0.4 0.4) (thickness 0.06)) (justify mirror))
    )
    (fp_line (start 1.65 -0.73) (end -1.65 -0.73) (layer B.CrtYd) (width 0.05))
    (fp_line (start 1.65 0.73) (end 1.65 -0.73) (layer B.CrtYd) (width 0.05))
    (fp_line (start -1.65 0.73) (end 1.65 0.73) (layer B.CrtYd) (width 0.05))
    (fp_line (start -1.65 -0.73) (end -1.65 0.73) (layer B.CrtYd) (width 0.05))
    (fp_line (start -0.171267 -0.51) (end 0.171267 -0.51) (layer B.SilkS) (width 0.12))
    (fp_line (start -0.171267 0.51) (end 0.171267 0.51) (layer B.SilkS) (width 0.12))
    (fp_line (start 0.8 -0.4) (end -0.8 -0.4) (layer B.Fab) (width 0.1))
    (fp_line (start 0.8 0.4) (end 0.8 -0.4) (layer B.Fab) (width 0.1))
    (fp_line (start -0.8 0.4) (end 0.8 0.4) (layer B.Fab) (width 0.1))
    (fp_line (start -0.8 -0.4) (end -0.8 0.4) (layer B.Fab) (width 0.1))
    (pad 2 smd roundrect (at 0.875 0 90) (size 1.05 0.95) (layers B.Cu B.Paste B.Mask) (roundrect_rratio 0.25)
      (net 2 GND))
    (pad 1 smd roundrect (at -0.875 0 90) (size 1.05 0.95) (layers B.Cu B.Paste B.Mask) (roundrect_rratio 0.25)
      (net 3 /AUX_TEMP))
    (model ${KISYS3DMOD}/Capacitor_SMD.3dshapes/C_0603_1608Metric.wrl
      (at (xyz 0 0 0))
      (scale (xyz 1 1 1))
      (rotate (xyz 0 0 0))
    )
  )

  (module Capacitor_SMD:C_0603_1608Metric_Pad1.05x0.95mm_HandSolder (layer B.Cu) (tedit 5B301BBE) (tstamp 5CC89A3C)
    (at 8.5 13.5 90)
    (descr "Capacitor SMD 0603 (1608 Metric), square (rectangular) end terminal, IPC_7351 nominal with elongated pad for handsoldering. (Body size source: http://www.tortai-tech.com/upload/download/2011102023233369053.pdf), generated with kicad-footprint-generator")
    (tags "capacitor handsolder")
    (path /5CC8A1BD)
    (attr smd)
    (fp_text reference C1 (at 0 1.43 90) (layer B.SilkS)
      (effects (font (size 1 1) (thickness 0.15)) (justify mirror))
    )
    (fp_text value C105,0603 (at 0 -1.43 90) (layer B.Fab)
      (effects (font (size 1 1) (thickness 0.15)) (justify mirror))
    )
    (fp_line (start -0.8 -0.4) (end -0.8 0.4) (layer B.Fab) (width 0.1))
    (fp_line (start -0.8 0.4) (end 0.8 0.4) (layer B.Fab) (width 0.1))
    (fp_line (start 0.8 0.4) (end 0.8 -0.4) (layer B.Fab) (width 0.1))
    (fp_line (start 0.8 -0.4) (end -0.8 -0.4) (layer B.Fab) (width 0.1))
    (fp_line (start -0.171267 0.51) (end 0.171267 0.51) (layer B.SilkS) (width 0.12))
    (fp_line (start -0.171267 -0.51) (end 0.171267 -0.51) (layer B.SilkS) (width 0.12))
    (fp_line (start -1.65 -0.73) (end -1.65 0.73) (layer B.CrtYd) (width 0.05))
    (fp_line (start -1.65 0.73) (end 1.65 0.73) (layer B.CrtYd) (width 0.05))
    (fp_line (start 1.65 0.73) (end 1.65 -0.73) (layer B.CrtYd) (width 0.05))
    (fp_line (start 1.65 -0.73) (end -1.65 -0.73) (layer B.CrtYd) (width 0.05))
    (fp_text user %R (at 0 0 90) (layer B.Fab)
      (effects (font (size 0.4 0.4) (thickness 0.06)) (justify mirror))
    )
    (pad 1 smd roundrect (at -0.875 0 90) (size 1.05 0.95) (layers B.Cu B.Paste B.Mask) (roundrect_rratio 0.25)
      (net 1 /HEATBED_TEMP))
    (pad 2 smd roundrect (at 0.875 0 90) (size 1.05 0.95) (layers B.Cu B.Paste B.Mask) (roundrect_rratio 0.25)
      (net 2 GND))
    (model ${KISYS3DMOD}/Capacitor_SMD.3dshapes/C_0603_1608Metric.wrl
      (at (xyz 0 0 0))
      (scale (xyz 1 1 1))
      (rotate (xyz 0 0 0))
    )
  )

  (module Resistor_SMD:R_0603_1608Metric_Pad1.05x0.95mm_HandSolder (layer F.Cu) (tedit 5B301BBD) (tstamp 5CC89A2B)
    (at 10 13.5 90)
    (descr "Resistor SMD 0603 (1608 Metric), square (rectangular) end terminal, IPC_7351 nominal with elongated pad for handsoldering. (Body size source: http://www.tortai-tech.com/upload/download/2011102023233369053.pdf), generated with kicad-footprint-generator")
    (tags "resistor handsolder")
    (path /5CE61736)
    (attr smd)
    (fp_text reference TH1 (at 0 -1.43 90) (layer F.SilkS)
      (effects (font (size 1 1) (thickness 0.15)))
    )
    (fp_text value Thermistor_NTC (at 0 1.43 90) (layer F.Fab)
      (effects (font (size 1 1) (thickness 0.15)))
    )
    (fp_text user %R (at 0 0 90) (layer F.Fab)
      (effects (font (size 0.4 0.4) (thickness 0.06)))
    )
    (fp_line (start 1.65 0.73) (end -1.65 0.73) (layer F.CrtYd) (width 0.05))
    (fp_line (start 1.65 -0.73) (end 1.65 0.73) (layer F.CrtYd) (width 0.05))
    (fp_line (start -1.65 -0.73) (end 1.65 -0.73) (layer F.CrtYd) (width 0.05))
    (fp_line (start -1.65 0.73) (end -1.65 -0.73) (layer F.CrtYd) (width 0.05))
    (fp_line (start -0.171267 0.51) (end 0.171267 0.51) (layer F.SilkS) (width 0.12))
    (fp_line (start -0.171267 -0.51) (end 0.171267 -0.51) (layer F.SilkS) (width 0.12))
    (fp_line (start 0.8 0.4) (end -0.8 0.4) (layer F.Fab) (width 0.1))
    (fp_line (start 0.8 -0.4) (end 0.8 0.4) (layer F.Fab) (width 0.1))
    (fp_line (start -0.8 -0.4) (end 0.8 -0.4) (layer F.Fab) (width 0.1))
    (fp_line (start -0.8 0.4) (end -0.8 -0.4) (layer F.Fab) (width 0.1))
    (pad 2 smd roundrect (at 0.875 0 90) (size 1.05 0.95) (layers F.Cu F.Paste F.Mask) (roundrect_rratio 0.25)
      (net 2 GND))
    (pad 1 smd roundrect (at -0.875 0 90) (size 1.05 0.95) (layers F.Cu F.Paste F.Mask) (roundrect_rratio 0.25)
      (net 7 /PCB_TEMP))
    (model ${KISYS3DMOD}/Resistor_SMD.3dshapes/R_0603_1608Metric.wrl
      (at (xyz 0 0 0))
      (scale (xyz 1 1 1))
      (rotate (xyz 0 0 0))
    )
  )

  (module Resistor_SMD:R_0603_1608Metric_Pad1.05x0.95mm_HandSolder (layer F.Cu) (tedit 5B301BBD) (tstamp 5CC89A1A)
    (at 13 13.5 270)
    (descr "Resistor SMD 0603 (1608 Metric), square (rectangular) end terminal, IPC_7351 nominal with elongated pad for handsoldering. (Body size source: http://www.tortai-tech.com/upload/download/2011102023233369053.pdf), generated with kicad-footprint-generator")
    (tags "resistor handsolder")
    (path /5CC40EF7)
    (attr smd)
    (fp_text reference R58 (at 0 -1.43 270) (layer F.SilkS)
      (effects (font (size 1 1) (thickness 0.15)))
    )
    (fp_text value R472,0603 (at 0 1.43 270) (layer F.Fab)
      (effects (font (size 1 1) (thickness 0.15)))
    )
    (fp_line (start -0.8 0.4) (end -0.8 -0.4) (layer F.Fab) (width 0.1))
    (fp_line (start -0.8 -0.4) (end 0.8 -0.4) (layer F.Fab) (width 0.1))
    (fp_line (start 0.8 -0.4) (end 0.8 0.4) (layer F.Fab) (width 0.1))
    (fp_line (start 0.8 0.4) (end -0.8 0.4) (layer F.Fab) (width 0.1))
    (fp_line (start -0.171267 -0.51) (end 0.171267 -0.51) (layer F.SilkS) (width 0.12))
    (fp_line (start -0.171267 0.51) (end 0.171267 0.51) (layer F.SilkS) (width 0.12))
    (fp_line (start -1.65 0.73) (end -1.65 -0.73) (layer F.CrtYd) (width 0.05))
    (fp_line (start -1.65 -0.73) (end 1.65 -0.73) (layer F.CrtYd) (width 0.05))
    (fp_line (start 1.65 -0.73) (end 1.65 0.73) (layer F.CrtYd) (width 0.05))
    (fp_line (start 1.65 0.73) (end -1.65 0.73) (layer F.CrtYd) (width 0.05))
    (fp_text user %R (at 0 0 270) (layer F.Fab)
      (effects (font (size 0.4 0.4) (thickness 0.06)))
    )
    (pad 1 smd roundrect (at -0.875 0 270) (size 1.05 0.95) (layers F.Cu F.Paste F.Mask) (roundrect_rratio 0.25)
      (net 6 +3V3_STM32))
    (pad 2 smd roundrect (at 0.875 0 270) (size 1.05 0.95) (layers F.Cu F.Paste F.Mask) (roundrect_rratio 0.25)
      (net 7 /PCB_TEMP))
    (model ${KISYS3DMOD}/Resistor_SMD.3dshapes/R_0603_1608Metric.wrl
      (at (xyz 0 0 0))
      (scale (xyz 1 1 1))
      (rotate (xyz 0 0 0))
    )
  )

  (module Resistor_SMD:R_0603_1608Metric_Pad1.05x0.95mm_HandSolder (layer F.Cu) (tedit 5B301BBD) (tstamp 5CC89A09)
    (at 8.5 30 270)
    (descr "Resistor SMD 0603 (1608 Metric), square (rectangular) end terminal, IPC_7351 nominal with elongated pad for handsoldering. (Body size source: http://www.tortai-tech.com/upload/download/2011102023233369053.pdf), generated with kicad-footprint-generator")
    (tags "resistor handsolder")
    (path /5CC40EC5)
    (attr smd)
    (fp_text reference R57 (at 0 -1.43 270) (layer F.SilkS)
      (effects (font (size 1 1) (thickness 0.15)))
    )
    (fp_text value R472,0603 (at 0 1.43 270) (layer F.Fab)
      (effects (font (size 1 1) (thickness 0.15)))
    )
    (fp_text user %R (at 0 0 270) (layer F.Fab)
      (effects (font (size 0.4 0.4) (thickness 0.06)))
    )
    (fp_line (start 1.65 0.73) (end -1.65 0.73) (layer F.CrtYd) (width 0.05))
    (fp_line (start 1.65 -0.73) (end 1.65 0.73) (layer F.CrtYd) (width 0.05))
    (fp_line (start -1.65 -0.73) (end 1.65 -0.73) (layer F.CrtYd) (width 0.05))
    (fp_line (start -1.65 0.73) (end -1.65 -0.73) (layer F.CrtYd) (width 0.05))
    (fp_line (start -0.171267 0.51) (end 0.171267 0.51) (layer F.SilkS) (width 0.12))
    (fp_line (start -0.171267 -0.51) (end 0.171267 -0.51) (layer F.SilkS) (width 0.12))
    (fp_line (start 0.8 0.4) (end -0.8 0.4) (layer F.Fab) (width 0.1))
    (fp_line (start 0.8 -0.4) (end 0.8 0.4) (layer F.Fab) (width 0.1))
    (fp_line (start -0.8 -0.4) (end 0.8 -0.4) (layer F.Fab) (width 0.1))
    (fp_line (start -0.8 0.4) (end -0.8 -0.4) (layer F.Fab) (width 0.1))
    (pad 2 smd roundrect (at 0.875 0 270) (size 1.05 0.95) (layers F.Cu F.Paste F.Mask) (roundrect_rratio 0.25)
      (net 5 /HOTEND_TEMP2))
    (pad 1 smd roundrect (at -0.875 0 270) (size 1.05 0.95) (layers F.Cu F.Paste F.Mask) (roundrect_rratio 0.25)
      (net 6 +3V3_STM32))
    (model ${KISYS3DMOD}/Resistor_SMD.3dshapes/R_0603_1608Metric.wrl
      (at (xyz 0 0 0))
      (scale (xyz 1 1 1))
      (rotate (xyz 0 0 0))
    )
  )

  (module Resistor_SMD:R_0603_1608Metric_Pad1.05x0.95mm_HandSolder (layer F.Cu) (tedit 5B301BBD) (tstamp 5CC899F8)
    (at 8.5 24.5 270)
    (descr "Resistor SMD 0603 (1608 Metric), square (rectangular) end terminal, IPC_7351 nominal with elongated pad for handsoldering. (Body size source: http://www.tortai-tech.com/upload/download/2011102023233369053.pdf), generated with kicad-footprint-generator")
    (tags "resistor handsolder")
    (path /5CC409E7)
    (attr smd)
    (fp_text reference R35 (at 0 -1.43 270) (layer F.SilkS)
      (effects (font (size 1 1) (thickness 0.15)))
    )
    (fp_text value R472,0603 (at 0 1.43 270) (layer F.Fab)
      (effects (font (size 1 1) (thickness 0.15)))
    )
    (fp_line (start -0.8 0.4) (end -0.8 -0.4) (layer F.Fab) (width 0.1))
    (fp_line (start -0.8 -0.4) (end 0.8 -0.4) (layer F.Fab) (width 0.1))
    (fp_line (start 0.8 -0.4) (end 0.8 0.4) (layer F.Fab) (width 0.1))
    (fp_line (start 0.8 0.4) (end -0.8 0.4) (layer F.Fab) (width 0.1))
    (fp_line (start -0.171267 -0.51) (end 0.171267 -0.51) (layer F.SilkS) (width 0.12))
    (fp_line (start -0.171267 0.51) (end 0.171267 0.51) (layer F.SilkS) (width 0.12))
    (fp_line (start -1.65 0.73) (end -1.65 -0.73) (layer F.CrtYd) (width 0.05))
    (fp_line (start -1.65 -0.73) (end 1.65 -0.73) (layer F.CrtYd) (width 0.05))
    (fp_line (start 1.65 -0.73) (end 1.65 0.73) (layer F.CrtYd) (width 0.05))
    (fp_line (start 1.65 0.73) (end -1.65 0.73) (layer F.CrtYd) (width 0.05))
    (fp_text user %R (at 0 0 270) (layer F.Fab)
      (effects (font (size 0.4 0.4) (thickness 0.06)))
    )
    (pad 1 smd roundrect (at -0.875 0 270) (size 1.05 0.95) (layers F.Cu F.Paste F.Mask) (roundrect_rratio 0.25)
      (net 6 +3V3_STM32))
    (pad 2 smd roundrect (at 0.875 0 270) (size 1.05 0.95) (layers F.Cu F.Paste F.Mask) (roundrect_rratio 0.25)
      (net 4 /HOTEND_TEMP1))
    (model ${KISYS3DMOD}/Resistor_SMD.3dshapes/R_0603_1608Metric.wrl
      (at (xyz 0 0 0))
      (scale (xyz 1 1 1))
      (rotate (xyz 0 0 0))
    )
  )

  (module Resistor_SMD:R_0603_1608Metric_Pad1.05x0.95mm_HandSolder (layer F.Cu) (tedit 5B301BBD) (tstamp 5CC899E7)
    (at 8.5 19 270)
    (descr "Resistor SMD 0603 (1608 Metric), square (rectangular) end terminal, IPC_7351 nominal with elongated pad for handsoldering. (Body size source: http://www.tortai-tech.com/upload/download/2011102023233369053.pdf), generated with kicad-footprint-generator")
    (tags "resistor handsolder")
    (path /5CC416F3)
    (attr smd)
    (fp_text reference R34 (at 0 -1.43 270) (layer F.SilkS)
      (effects (font (size 1 1) (thickness 0.15)))
    )
    (fp_text value R472,0603 (at 0 1.43 270) (layer F.Fab)
      (effects (font (size 1 1) (thickness 0.15)))
    )
    (fp_text user %R (at 0 0 270) (layer F.Fab)
      (effects (font (size 0.4 0.4) (thickness 0.06)))
    )
    (fp_line (start 1.65 0.73) (end -1.65 0.73) (layer F.CrtYd) (width 0.05))
    (fp_line (start 1.65 -0.73) (end 1.65 0.73) (layer F.CrtYd) (width 0.05))
    (fp_line (start -1.65 -0.73) (end 1.65 -0.73) (layer F.CrtYd) (width 0.05))
    (fp_line (start -1.65 0.73) (end -1.65 -0.73) (layer F.CrtYd) (width 0.05))
    (fp_line (start -0.171267 0.51) (end 0.171267 0.51) (layer F.SilkS) (width 0.12))
    (fp_line (start -0.171267 -0.51) (end 0.171267 -0.51) (layer F.SilkS) (width 0.12))
    (fp_line (start 0.8 0.4) (end -0.8 0.4) (layer F.Fab) (width 0.1))
    (fp_line (start 0.8 -0.4) (end 0.8 0.4) (layer F.Fab) (width 0.1))
    (fp_line (start -0.8 -0.4) (end 0.8 -0.4) (layer F.Fab) (width 0.1))
    (fp_line (start -0.8 0.4) (end -0.8 -0.4) (layer F.Fab) (width 0.1))
    (pad 2 smd roundrect (at 0.875 0 270) (size 1.05 0.95) (layers F.Cu F.Paste F.Mask) (roundrect_rratio 0.25)
      (net 3 /AUX_TEMP))
    (pad 1 smd roundrect (at -0.875 0 270) (size 1.05 0.95) (layers F.Cu F.Paste F.Mask) (roundrect_rratio 0.25)
      (net 6 +3V3_STM32))
    (model ${KISYS3DMOD}/Resistor_SMD.3dshapes/R_0603_1608Metric.wrl
      (at (xyz 0 0 0))
      (scale (xyz 1 1 1))
      (rotate (xyz 0 0 0))
    )
  )

  (module Resistor_SMD:R_0603_1608Metric_Pad1.05x0.95mm_HandSolder (layer F.Cu) (tedit 5B301BBD) (tstamp 5CC899D6)
    (at 8.5 13.5 270)
    (descr "Resistor SMD 0603 (1608 Metric), square (rectangular) end terminal, IPC_7351 nominal with elongated pad for handsoldering. (Body size source: http://www.tortai-tech.com/upload/download/2011102023233369053.pdf), generated with kicad-footprint-generator")
    (tags "resistor handsolder")
    (path /5CC3DD45)
    (attr smd)
    (fp_text reference R33 (at 0 -1.43 270) (layer F.SilkS)
      (effects (font (size 1 1) (thickness 0.15)))
    )
    (fp_text value R472,0603 (at 0 1.43 270) (layer F.Fab)
      (effects (font (size 1 1) (thickness 0.15)))
    )
    (fp_line (start -0.8 0.4) (end -0.8 -0.4) (layer F.Fab) (width 0.1))
    (fp_line (start -0.8 -0.4) (end 0.8 -0.4) (layer F.Fab) (width 0.1))
    (fp_line (start 0.8 -0.4) (end 0.8 0.4) (layer F.Fab) (width 0.1))
    (fp_line (start 0.8 0.4) (end -0.8 0.4) (layer F.Fab) (width 0.1))
    (fp_line (start -0.171267 -0.51) (end 0.171267 -0.51) (layer F.SilkS) (width 0.12))
    (fp_line (start -0.171267 0.51) (end 0.171267 0.51) (layer F.SilkS) (width 0.12))
    (fp_line (start -1.65 0.73) (end -1.65 -0.73) (layer F.CrtYd) (width 0.05))
    (fp_line (start -1.65 -0.73) (end 1.65 -0.73) (layer F.CrtYd) (width 0.05))
    (fp_line (start 1.65 -0.73) (end 1.65 0.73) (layer F.CrtYd) (width 0.05))
    (fp_line (start 1.65 0.73) (end -1.65 0.73) (layer F.CrtYd) (width 0.05))
    (fp_text user %R (at 0 0 270) (layer F.Fab)
      (effects (font (size 0.4 0.4) (thickness 0.06)))
    )
    (pad 1 smd roundrect (at -0.875 0 270) (size 1.05 0.95) (layers F.Cu F.Paste F.Mask) (roundrect_rratio 0.25)
      (net 6 +3V3_STM32))
    (pad 2 smd roundrect (at 0.875 0 270) (size 1.05 0.95) (layers F.Cu F.Paste F.Mask) (roundrect_rratio 0.25)
      (net 1 /HEATBED_TEMP))
    (model ${KISYS3DMOD}/Resistor_SMD.3dshapes/R_0603_1608Metric.wrl
      (at (xyz 0 0 0))
      (scale (xyz 1 1 1))
      (rotate (xyz 0 0 0))
    )
  )

  (module w_conn_jst-ph:b2b-ph-kl (layer F.Cu) (tedit 0) (tstamp 5CC899C5)
    (at 4.5 30.5 180)
    (descr "JST PH series connector, B2B-PH-KL")
    (path /5CC40EDC)
    (fp_text reference J44 (at 0 -2.99974 180) (layer F.SilkS)
      (effects (font (size 1.524 1.524) (thickness 0.3048)))
    )
    (fp_text value Screw_Terminal_01x02 (at 0 4.20116 180) (layer F.SilkS)
      (effects (font (size 1.524 1.524) (thickness 0.3048)))
    )
    (fp_line (start -2.99974 2.79908) (end 2.99974 2.79908) (layer F.SilkS) (width 0.381))
    (fp_line (start 2.99974 -1.69926) (end -2.99974 -1.69926) (layer F.SilkS) (width 0.381))
    (fp_line (start -1.6002 -1.89992) (end -1.6002 -1.69926) (layer F.SilkS) (width 0.381))
    (fp_line (start -1.30048 -1.89992) (end -1.6002 -1.89992) (layer F.SilkS) (width 0.381))
    (fp_line (start -1.30048 -1.69926) (end -1.30048 -1.89992) (layer F.SilkS) (width 0.381))
    (fp_line (start 2.99974 -1.69926) (end 2.99974 2.79908) (layer F.SilkS) (width 0.381))
    (fp_line (start -2.99974 -1.69926) (end -2.99974 2.79908) (layer F.SilkS) (width 0.381))
    (fp_line (start 0.50038 -1.19888) (end 0.50038 -1.69926) (layer F.SilkS) (width 0.381))
    (fp_line (start 2.49936 -1.19888) (end 0.50038 -1.19888) (layer F.SilkS) (width 0.381))
    (fp_line (start 2.49936 2.30124) (end 2.49936 -1.19888) (layer F.SilkS) (width 0.381))
    (fp_line (start -2.49936 2.30124) (end 2.49936 2.30124) (layer F.SilkS) (width 0.381))
    (fp_line (start -2.49936 -1.19888) (end -2.49936 2.30124) (layer F.SilkS) (width 0.381))
    (fp_line (start -0.50038 -1.19888) (end -2.49936 -1.19888) (layer F.SilkS) (width 0.381))
    (fp_line (start -0.50038 -1.69926) (end -0.50038 -1.19888) (layer F.SilkS) (width 0.381))
    (fp_line (start -2.49936 -0.50038) (end -2.99974 -0.50038) (layer F.SilkS) (width 0.381))
    (fp_line (start -2.49936 0.8001) (end -2.99974 0.8001) (layer F.SilkS) (width 0.381))
    (fp_line (start 2.49936 0.8001) (end 2.99974 0.8001) (layer F.SilkS) (width 0.381))
    (fp_line (start 2.99974 -0.50038) (end 2.49936 -0.50038) (layer F.SilkS) (width 0.381))
    (fp_line (start 0.09906 1.80086) (end 0.09906 2.30124) (layer F.SilkS) (width 0.381))
    (fp_line (start -0.09906 1.80086) (end 0.09906 1.80086) (layer F.SilkS) (width 0.381))
    (fp_line (start -0.09906 2.30124) (end -0.09906 1.80086) (layer F.SilkS) (width 0.381))
    (pad 2 thru_hole oval (at 1.00076 0 180) (size 1.19888 1.69926) (drill 0.70104) (layers *.Cu *.Mask F.SilkS)
      (net 2 GND))
    (pad 1 thru_hole rect (at -1.00076 0 180) (size 1.19888 1.69926) (drill 0.70104) (layers *.Cu *.Mask F.SilkS)
      (net 5 /HOTEND_TEMP2))
    (model ${HOME}/_workspace/kicad/kicad_library/smisioto-footprints/modules/packages3d/walter/conn_jst-ph/b2b-ph-kl.wrl
      (at (xyz 0 0 0))
      (scale (xyz 1 1 1))
      (rotate (xyz 0 0 0))
    )
  )

  (module w_conn_jst-ph:b2b-ph-kl (layer F.Cu) (tedit 0) (tstamp 5CC899AA)
    (at 4.5 25 180)
    (descr "JST PH series connector, B2B-PH-KL")
    (path /5CC409FE)
    (fp_text reference J43 (at 0 -2.99974 180) (layer F.SilkS)
      (effects (font (size 1.524 1.524) (thickness 0.3048)))
    )
    (fp_text value Screw_Terminal_01x02 (at 0 4.20116 180) (layer F.SilkS)
      (effects (font (size 1.524 1.524) (thickness 0.3048)))
    )
    (fp_line (start -0.09906 2.30124) (end -0.09906 1.80086) (layer F.SilkS) (width 0.381))
    (fp_line (start -0.09906 1.80086) (end 0.09906 1.80086) (layer F.SilkS) (width 0.381))
    (fp_line (start 0.09906 1.80086) (end 0.09906 2.30124) (layer F.SilkS) (width 0.381))
    (fp_line (start 2.99974 -0.50038) (end 2.49936 -0.50038) (layer F.SilkS) (width 0.381))
    (fp_line (start 2.49936 0.8001) (end 2.99974 0.8001) (layer F.SilkS) (width 0.381))
    (fp_line (start -2.49936 0.8001) (end -2.99974 0.8001) (layer F.SilkS) (width 0.381))
    (fp_line (start -2.49936 -0.50038) (end -2.99974 -0.50038) (layer F.SilkS) (width 0.381))
    (fp_line (start -0.50038 -1.69926) (end -0.50038 -1.19888) (layer F.SilkS) (width 0.381))
    (fp_line (start -0.50038 -1.19888) (end -2.49936 -1.19888) (layer F.SilkS) (width 0.381))
    (fp_line (start -2.49936 -1.19888) (end -2.49936 2.30124) (layer F.SilkS) (width 0.381))
    (fp_line (start -2.49936 2.30124) (end 2.49936 2.30124) (layer F.SilkS) (width 0.381))
    (fp_line (start 2.49936 2.30124) (end 2.49936 -1.19888) (layer F.SilkS) (width 0.381))
    (fp_line (start 2.49936 -1.19888) (end 0.50038 -1.19888) (layer F.SilkS) (width 0.381))
    (fp_line (start 0.50038 -1.19888) (end 0.50038 -1.69926) (layer F.SilkS) (width 0.381))
    (fp_line (start -2.99974 -1.69926) (end -2.99974 2.79908) (layer F.SilkS) (width 0.381))
    (fp_line (start 2.99974 -1.69926) (end 2.99974 2.79908) (layer F.SilkS) (width 0.381))
    (fp_line (start -1.30048 -1.69926) (end -1.30048 -1.89992) (layer F.SilkS) (width 0.381))
    (fp_line (start -1.30048 -1.89992) (end -1.6002 -1.89992) (layer F.SilkS) (width 0.381))
    (fp_line (start -1.6002 -1.89992) (end -1.6002 -1.69926) (layer F.SilkS) (width 0.381))
    (fp_line (start 2.99974 -1.69926) (end -2.99974 -1.69926) (layer F.SilkS) (width 0.381))
    (fp_line (start -2.99974 2.79908) (end 2.99974 2.79908) (layer F.SilkS) (width 0.381))
    (pad 1 thru_hole rect (at -1.00076 0 180) (size 1.19888 1.69926) (drill 0.70104) (layers *.Cu *.Mask F.SilkS)
      (net 4 /HOTEND_TEMP1))
    (pad 2 thru_hole oval (at 1.00076 0 180) (size 1.19888 1.69926) (drill 0.70104) (layers *.Cu *.Mask F.SilkS)
      (net 2 GND))
    (model ${HOME}/_workspace/kicad/kicad_library/smisioto-footprints/modules/packages3d/walter/conn_jst-ph/b2b-ph-kl.wrl
      (at (xyz 0 0 0))
      (scale (xyz 1 1 1))
      (rotate (xyz 0 0 0))
    )
  )

  (module w_conn_jst-ph:b2b-ph-kl (layer F.Cu) (tedit 0) (tstamp 5CC8998F)
    (at 4.5 19.5 180)
    (descr "JST PH series connector, B2B-PH-KL")
    (path /5CC4170A)
    (fp_text reference J33 (at 0 -2.99974 180) (layer F.SilkS)
      (effects (font (size 1.524 1.524) (thickness 0.3048)))
    )
    (fp_text value Screw_Terminal_01x02 (at 0 4.20116 180) (layer F.SilkS)
      (effects (font (size 1.524 1.524) (thickness 0.3048)))
    )
    (fp_line (start -2.99974 2.79908) (end 2.99974 2.79908) (layer F.SilkS) (width 0.381))
    (fp_line (start 2.99974 -1.69926) (end -2.99974 -1.69926) (layer F.SilkS) (width 0.381))
    (fp_line (start -1.6002 -1.89992) (end -1.6002 -1.69926) (layer F.SilkS) (width 0.381))
    (fp_line (start -1.30048 -1.89992) (end -1.6002 -1.89992) (layer F.SilkS) (width 0.381))
    (fp_line (start -1.30048 -1.69926) (end -1.30048 -1.89992) (layer F.SilkS) (width 0.381))
    (fp_line (start 2.99974 -1.69926) (end 2.99974 2.79908) (layer F.SilkS) (width 0.381))
    (fp_line (start -2.99974 -1.69926) (end -2.99974 2.79908) (layer F.SilkS) (width 0.381))
    (fp_line (start 0.50038 -1.19888) (end 0.50038 -1.69926) (layer F.SilkS) (width 0.381))
    (fp_line (start 2.49936 -1.19888) (end 0.50038 -1.19888) (layer F.SilkS) (width 0.381))
    (fp_line (start 2.49936 2.30124) (end 2.49936 -1.19888) (layer F.SilkS) (width 0.381))
    (fp_line (start -2.49936 2.30124) (end 2.49936 2.30124) (layer F.SilkS) (width 0.381))
    (fp_line (start -2.49936 -1.19888) (end -2.49936 2.30124) (layer F.SilkS) (width 0.381))
    (fp_line (start -0.50038 -1.19888) (end -2.49936 -1.19888) (layer F.SilkS) (width 0.381))
    (fp_line (start -0.50038 -1.69926) (end -0.50038 -1.19888) (layer F.SilkS) (width 0.381))
    (fp_line (start -2.49936 -0.50038) (end -2.99974 -0.50038) (layer F.SilkS) (width 0.381))
    (fp_line (start -2.49936 0.8001) (end -2.99974 0.8001) (layer F.SilkS) (width 0.381))
    (fp_line (start 2.49936 0.8001) (end 2.99974 0.8001) (layer F.SilkS) (width 0.381))
    (fp_line (start 2.99974 -0.50038) (end 2.49936 -0.50038) (layer F.SilkS) (width 0.381))
    (fp_line (start 0.09906 1.80086) (end 0.09906 2.30124) (layer F.SilkS) (width 0.381))
    (fp_line (start -0.09906 1.80086) (end 0.09906 1.80086) (layer F.SilkS) (width 0.381))
    (fp_line (start -0.09906 2.30124) (end -0.09906 1.80086) (layer F.SilkS) (width 0.381))
    (pad 2 thru_hole oval (at 1.00076 0 180) (size 1.19888 1.69926) (drill 0.70104) (layers *.Cu *.Mask F.SilkS)
      (net 2 GND))
    (pad 1 thru_hole rect (at -1.00076 0 180) (size 1.19888 1.69926) (drill 0.70104) (layers *.Cu *.Mask F.SilkS)
      (net 3 /AUX_TEMP))
    (model ${HOME}/_workspace/kicad/kicad_library/smisioto-footprints/modules/packages3d/walter/conn_jst-ph/b2b-ph-kl.wrl
      (at (xyz 0 0 0))
      (scale (xyz 1 1 1))
      (rotate (xyz 0 0 0))
    )
  )

  (module w_conn_jst-ph:b2b-ph-kl (layer F.Cu) (tedit 0) (tstamp 5CC89974)
    (at 4.5 14 180)
    (descr "JST PH series connector, B2B-PH-KL")
    (path /5CC3E589)
    (fp_text reference J32 (at 0 -2.99974 180) (layer F.SilkS)
      (effects (font (size 1.524 1.524) (thickness 0.3048)))
    )
    (fp_text value Screw_Terminal_01x02 (at 0 4.20116 180) (layer F.SilkS)
      (effects (font (size 1.524 1.524) (thickness 0.3048)))
    )
    (fp_line (start -0.09906 2.30124) (end -0.09906 1.80086) (layer F.SilkS) (width 0.381))
    (fp_line (start -0.09906 1.80086) (end 0.09906 1.80086) (layer F.SilkS) (width 0.381))
    (fp_line (start 0.09906 1.80086) (end 0.09906 2.30124) (layer F.SilkS) (width 0.381))
    (fp_line (start 2.99974 -0.50038) (end 2.49936 -0.50038) (layer F.SilkS) (width 0.381))
    (fp_line (start 2.49936 0.8001) (end 2.99974 0.8001) (layer F.SilkS) (width 0.381))
    (fp_line (start -2.49936 0.8001) (end -2.99974 0.8001) (layer F.SilkS) (width 0.381))
    (fp_line (start -2.49936 -0.50038) (end -2.99974 -0.50038) (layer F.SilkS) (width 0.381))
    (fp_line (start -0.50038 -1.69926) (end -0.50038 -1.19888) (layer F.SilkS) (width 0.381))
    (fp_line (start -0.50038 -1.19888) (end -2.49936 -1.19888) (layer F.SilkS) (width 0.381))
    (fp_line (start -2.49936 -1.19888) (end -2.49936 2.30124) (layer F.SilkS) (width 0.381))
    (fp_line (start -2.49936 2.30124) (end 2.49936 2.30124) (layer F.SilkS) (width 0.381))
    (fp_line (start 2.49936 2.30124) (end 2.49936 -1.19888) (layer F.SilkS) (width 0.381))
    (fp_line (start 2.49936 -1.19888) (end 0.50038 -1.19888) (layer F.SilkS) (width 0.381))
    (fp_line (start 0.50038 -1.19888) (end 0.50038 -1.69926) (layer F.SilkS) (width 0.381))
    (fp_line (start -2.99974 -1.69926) (end -2.99974 2.79908) (layer F.SilkS) (width 0.381))
    (fp_line (start 2.99974 -1.69926) (end 2.99974 2.79908) (layer F.SilkS) (width 0.381))
    (fp_line (start -1.30048 -1.69926) (end -1.30048 -1.89992) (layer F.SilkS) (width 0.381))
    (fp_line (start -1.30048 -1.89992) (end -1.6002 -1.89992) (layer F.SilkS) (width 0.381))
    (fp_line (start -1.6002 -1.89992) (end -1.6002 -1.69926) (layer F.SilkS) (width 0.381))
    (fp_line (start 2.99974 -1.69926) (end -2.99974 -1.69926) (layer F.SilkS) (width 0.381))
    (fp_line (start -2.99974 2.79908) (end 2.99974 2.79908) (layer F.SilkS) (width 0.381))
    (pad 1 thru_hole rect (at -1.00076 0 180) (size 1.19888 1.69926) (drill 0.70104) (layers *.Cu *.Mask F.SilkS)
      (net 1 /HEATBED_TEMP))
    (pad 2 thru_hole oval (at 1.00076 0 180) (size 1.19888 1.69926) (drill 0.70104) (layers *.Cu *.Mask F.SilkS)
      (net 2 GND))
    (model ${HOME}/_workspace/kicad/kicad_library/smisioto-footprints/modules/packages3d/walter/conn_jst-ph/b2b-ph-kl.wrl
      (at (xyz 0 0 0))
      (scale (xyz 1 1 1))
      (rotate (xyz 0 0 0))
    )
  )

)
